Full Linear Model Fit

Call:
lm(formula = as.formula(paste(response.name, "~", paste(covariate.names, 
    collapse = " + "))), data = data)

Residuals:
     Min       1Q   Median       3Q      Max 
-18.8723  -6.7803   0.1507   7.3252  16.4419 

Coefficients:
                                Estimate Std. Error t value Pr(>|t|)    
(Intercept)                    -13.96310   11.40035  -1.225   0.2276    
Urban.population..percentage.    0.09829    0.24407   0.403   0.6893    
Late.births..reciprocal...100.   1.14838    0.58300   1.970   0.0556 .  
Wine.consumption.per.capita      1.85786    0.40096   4.634 3.61e-05 ***
Liquor.consumption.per.capita    0.04817    0.13336   0.361   0.7198    
---
Signif. codes:  0 ‘***’ 0.001 ‘**’ 0.01 ‘*’ 0.05 ‘.’ 0.1 ‘ ’ 1

Residual standard error: 10.61 on 41 degrees of freedom
Multiple R-squared:  0.8136,	Adjusted R-squared:  0.7954 
F-statistic: 44.75 on 4 and 41 DF,  p-value: 1.951e-14

Diagnostics

$std.dev
[1] 10.605

$hat
 [1] 0.06170564 0.06326583 0.08974032 0.03318592 0.06386526 0.05630376
 [7] 0.12093196 0.07409543 0.05088558 0.09798470 0.07225450 0.30154173
[13] 0.11847260 0.05547908 0.10397292 0.07711735 0.09527880 0.12870575
[19] 0.10768697 0.30422407 0.03085315 0.10674028 0.09192408 0.14707810
[25] 0.07240211 0.07615894 0.06664441 0.09681933 0.05797211 0.20787492
[31] 0.03969494 0.10264457 0.06031015 0.03554857 0.06971502 0.49946919
[37] 0.11577304 0.29983295 0.17213638 0.11889374 0.10712666 0.08054311
[43] 0.09003341 0.06015350 0.07966461 0.03729454

$std.res
 [1]  0.192550192 -0.661021495 -0.532002194  0.577187958  0.637783827
 [6]  0.633128402 -0.277685171  1.447699424  0.670292145 -0.318264433
[11]  0.951339337 -2.129338321  0.026003242 -0.177609862 -1.763490840
[16]  1.613868167  1.526332901 -1.156190964  0.004246412  1.437956363
[21]  0.217509754  0.744142510 -0.245221050 -0.047784742  1.201712269
[26]  0.178261167  0.740474272 -1.459503262  1.440435872 -1.839278338
[31] -0.425427165  1.157213345 -1.652005415 -0.384408972 -0.843717344
[36]  1.439366995 -0.820672191  0.616566854 -0.788725804 -0.679790015
[41]  0.601517513 -0.282388341 -1.653359967  1.321433689  0.152368960
[46] -1.291092348

$stud.res
 [1]  0.190273574 -0.656417685 -0.527297453  0.572436040  0.633106371
 [6]  0.628439291 -0.274536145  1.467946880  0.665725056 -0.314748240
[11]  0.950212181 -2.230134664  0.025684384 -0.175498044 -1.811925461
[16]  1.647245333  1.552352862 -1.161089155  0.004194308  1.457540983
[21]  0.214964883  0.740025985 -0.242389907 -0.047199719  1.208439531
[26]  0.176142103  0.736328468 -1.480568933  1.460188108 -1.896640650
[31] -0.421137554  1.162150518 -1.688912884 -0.380378208 -0.840694794
[36]  1.459046886 -0.817343218  0.611844467 -0.785026141 -0.675264986
[41]  0.596775746 -0.279194965 -1.690396580  1.333934318  0.150541960
[46] -1.301992019

$cooks
 [1] 4.876449e-04 5.902201e-03 5.580578e-03 2.287049e-03 5.550132e-03
 [6] 4.783202e-03 2.121553e-03 3.354378e-02 4.817641e-03 2.200648e-03
[11] 1.409733e-02 3.914951e-01 1.817469e-05 3.705799e-04 7.217312e-02
[16] 4.352830e-02 4.906932e-02 3.949319e-02 4.352313e-07 1.808196e-01
[21] 3.012295e-04 1.323405e-02 1.217454e-03 7.874940e-05 2.254356e-02
[26] 5.239226e-04 7.830086e-03 4.566964e-02 2.553719e-02 1.775551e-01
[31] 1.496258e-03 3.063574e-02 3.503151e-02 1.089328e-03 1.066926e-02
[36] 4.134766e-01 1.763653e-02 3.255877e-02 2.586997e-02 1.247126e-02
[41] 8.682289e-03 1.397078e-03 5.409325e-02 2.235243e-02 4.019225e-04
[46] 1.291506e-02

$dfits
 [1]  0.048794554 -0.170591232 -0.165564352  0.106055314  0.165363575
 [6]  0.153502658 -0.101826035  0.415262703  0.154146256 -0.103737431
[11]  0.265178686 -1.465327039  0.009415865 -0.042533501 -0.617219831
[16]  0.476168957  0.503768736 -0.446253998  0.001457079  0.963790991
[21]  0.038355046  0.255812801 -0.077120192 -0.019600123  0.337614154
[26]  0.050573731  0.196756868 -0.484755061  0.362231711 -0.971603842
[31] -0.085622311  0.393050292 -0.427868371 -0.073027516 -0.230140760
[36]  1.457498739 -0.295751060  0.400386918 -0.357965398 -0.248050204
[41]  0.206711683 -0.082633490 -0.531713556  0.337470989  0.044291177
[46] -0.256262005

$correlation
                                (Intercept) Urban.population..percentage.
(Intercept)                     1.000000000                     0.3945865
Urban.population..percentage.   0.394586537                     1.0000000
Late.births..reciprocal...100. -0.794153639                    -0.8282544
Wine.consumption.per.capita     0.009073883                    -0.5746351
Liquor.consumption.per.capita   0.333423011                     0.5826077
                               Late.births..reciprocal...100.
(Intercept)                                        -0.7941536
Urban.population..percentage.                      -0.8282544
Late.births..reciprocal...100.                      1.0000000
Wine.consumption.per.capita                         0.3254260
Liquor.consumption.per.capita                      -0.6866990
                               Wine.consumption.per.capita
(Intercept)                                    0.009073883
Urban.population..percentage.                 -0.574635147
Late.births..reciprocal...100.                 0.325426021
Wine.consumption.per.capita                    1.000000000
Liquor.consumption.per.capita                 -0.616557400
                               Liquor.consumption.per.capita
(Intercept)                                        0.3334230
Urban.population..percentage.                      0.5826077
Late.births..reciprocal...100.                    -0.6866990
Wine.consumption.per.capita                       -0.6165574
Liquor.consumption.per.capita                      1.0000000

$std.err
                                     [,1]
(Intercept)                    11.4003481
Urban.population..percentage.   0.2440656
Late.births..reciprocal...100.  0.5829952
Wine.consumption.per.capita     0.4009582
Liquor.consumption.per.capita   0.1333558

$cov.scaled
                                (Intercept) Urban.population..percentage.
(Intercept)                    129.96793714                    1.09791064
Urban.population..percentage.    1.09791064                    0.05956803
Late.births..reciprocal...100.  -5.27822197                   -0.11785157
Wine.consumption.per.capita      0.04147729                   -0.05623386
Liquor.consumption.per.capita    0.50690379                    0.01896246
                               Late.births..reciprocal...100.
(Intercept)                                       -5.27822197
Urban.population..percentage.                     -0.11785157
Late.births..reciprocal...100.                     0.33988345
Wine.consumption.per.capita                        0.07607051
Liquor.consumption.per.capita                     -0.05338795
                               Wine.consumption.per.capita
(Intercept)                                     0.04147729
Urban.population..percentage.                  -0.05623386
Late.births..reciprocal...100.                  0.07607051
Wine.consumption.per.capita                     0.16076746
Liquor.consumption.per.capita                  -0.03296738
                               Liquor.consumption.per.capita
(Intercept)                                       0.50690379
Urban.population..percentage.                     0.01896246
Late.births..reciprocal...100.                   -0.05338795
Wine.consumption.per.capita                      -0.03296738
Liquor.consumption.per.capita                     0.01778376

$cov.unscaled
                                 (Intercept) Urban.population..percentage.
(Intercept)                     1.1556190834                  0.0097621499
Urban.population..percentage.   0.0097621499                  0.0005296533
Late.births..reciprocal...100. -0.0469316830                 -0.0010478856
Wine.consumption.per.capita     0.0003687982                 -0.0005000073
Liquor.consumption.per.capita   0.0045071708                  0.0001686061
                               Late.births..reciprocal...100.
(Intercept)                                     -0.0469316830
Urban.population..percentage.                   -0.0010478856
Late.births..reciprocal...100.                   0.0030220976
Wine.consumption.per.capita                      0.0006763863
Liquor.consumption.per.capita                   -0.0004747027
                               Wine.consumption.per.capita
(Intercept)                                   0.0003687982
Urban.population..percentage.                -0.0005000073
Late.births..reciprocal...100.                0.0006763863
Wine.consumption.per.capita                   0.0014294752
Liquor.consumption.per.capita                -0.0002931318
                               Liquor.consumption.per.capita
(Intercept)                                     0.0045071708
Urban.population..percentage.                   0.0001686061
Late.births..reciprocal...100.                 -0.0004747027
Wine.consumption.per.capita                    -0.0002931318
Liquor.consumption.per.capita                   0.0001581256

Influence measures of
	 lm(formula = as.formula(paste(response.name, "~", paste(covariate.names,      collapse = " + "))), data = data) :

      dfb.1_  dfb.U... dfb.L....  dfb.W... dfb.Lq...    dffit cov.r   cook.d
1   0.029982  0.007129 -0.012735 -0.004271 -8.69e-03  0.04879 1.200 4.88e-04
2  -0.110642 -0.059869  0.081440  0.081981 -5.52e-02 -0.17059 1.145 5.90e-03
3   0.055960  0.058875 -0.095081  0.044158  6.78e-02 -0.16556 1.201 5.58e-03
4   0.022992  0.020744 -0.010659 -0.048985  9.47e-03  0.10606 1.123 2.29e-03
5  -0.026614  0.088845 -0.018391 -0.072133  1.84e-03  0.16536 1.150 5.55e-03
6   0.073117  0.006480 -0.052698 -0.042011  9.08e-02  0.15350 1.141 4.78e-03
7   0.008466 -0.037457  0.019598  0.085633 -6.80e-02 -0.10183 1.275 2.12e-03
8   0.192642 -0.116786  0.018976 -0.005912 -8.77e-02  0.41526 0.940 3.35e-02
9  -0.028152  0.074116 -0.011719 -0.055128  3.28e-05  0.15415 1.128 4.82e-03
10  0.065325  0.052186 -0.077606  0.020052  3.20e-02 -0.10374 1.239 2.20e-03
11 -0.011906  0.055522  0.015059  0.060909 -1.36e-01  0.26518 1.091 1.41e-02
12 -1.084302 -1.172981  1.241841  0.207453 -4.09e-01 -1.46533 0.902 3.91e-01
13 -0.000119 -0.008017  0.005393  0.005464 -4.96e-03  0.00942 1.283 1.82e-05
14 -0.017383 -0.004134  0.015154  0.013141 -2.79e-02 -0.04253 1.193 3.71e-04
15  0.382413  0.386292 -0.513202 -0.265689  4.61e-01 -0.61722 0.851 7.22e-02
16  0.261120 -0.212772 -0.003182  0.193988 -6.31e-02  0.47617 0.883 4.35e-02
17  0.193043  0.244460 -0.276437 -0.355983  4.12e-01  0.50377 0.933 4.91e-02
18 -0.272560 -0.022048  0.154149 -0.295071  1.00e-01 -0.44625 1.100 3.95e-02
19  0.000568 -0.000753  0.000325  0.000662 -7.87e-04  0.00146 1.268 4.35e-07
20 -0.343091 -0.447395  0.452784  0.804821 -5.52e-01  0.96379 1.255 1.81e-01
21  0.009497  0.019383 -0.014791 -0.006335  8.22e-03  0.03836 1.161 3.01e-04
22 -0.101841  0.053668 -0.001530 -0.050214  1.14e-01  0.25581 1.183 1.32e-02
23 -0.000008 -0.004389  0.014600  0.000195 -4.59e-02 -0.07712 1.237 1.22e-03
24 -0.002458 -0.012872  0.010263  0.015154 -1.64e-02 -0.01960 1.326 7.87e-05
25  0.049966 -0.072208  0.088178  0.001470 -1.86e-01  0.33761 1.020 2.25e-02
26 -0.017821  0.023656 -0.004354 -0.018810  1.48e-02  0.05057 1.220 5.24e-04
27 -0.052308 -0.034636  0.090857  0.020136 -1.36e-01  0.19676 1.133 7.83e-03
28  0.264938  0.259768 -0.373174  0.037623  2.48e-01 -0.48476 0.959 4.57e-02
29  0.197589 -0.110233 -0.008199  0.046800 -5.36e-02  0.36223 0.926 2.55e-02
30 -0.700338 -0.322522  0.683928 -0.279523 -4.33e-01 -0.97160 0.929 1.78e-01
31  0.033464 -0.013654 -0.011982  0.011512 -7.41e-03 -0.08562 1.152 1.50e-03
32 -0.076692  0.239169 -0.082147 -0.092741  3.79e-02  0.39305 1.068 3.06e-02
33  0.139867  0.031177 -0.116592  0.251921 -1.01e-01 -0.42787 0.853 3.50e-02
34  0.032463  0.027537 -0.041761 -0.016331  3.24e-02 -0.07303 1.152 1.09e-03
35  0.093432  0.162539 -0.168902 -0.016726  8.66e-02 -0.23014 1.114 1.07e-02
36 -0.179225 -0.399971  0.064455  0.221760  7.07e-01  1.45750 1.744 4.13e-01
37  0.049496 -0.122883  0.049849 -0.047738 -7.94e-03 -0.29575 1.178 1.76e-02
38  0.237067 -0.029638 -0.112431  0.305355 -1.08e-01  0.40039 1.542 3.26e-02
39  0.245155  0.113481 -0.219200 -0.159732  1.94e-01 -0.35797 1.266 2.59e-02
40 -0.131050  0.093891  0.024565 -0.033596 -5.20e-02 -0.24805 1.213 1.25e-02
41 -0.047642  0.122964 -0.033699 -0.056932  1.04e-02  0.20671 1.212 8.68e-03
42 -0.049231 -0.016709  0.031236  0.041401 -2.92e-02 -0.08263 1.219 1.40e-03
43 -0.085178  0.280292 -0.117227  0.020239 -7.12e-02 -0.53171 0.881 5.41e-02
44  0.094463 -0.001680  0.012016 -0.103606 -7.12e-02  0.33747 0.968 2.24e-02
45  0.015978  0.031996 -0.022143 -0.020085  5.66e-03  0.04429 1.226 4.02e-04
46  0.088976  0.132897 -0.154336 -0.100686  1.38e-01 -0.25626 0.955 1.29e-02
      hat inf
1  0.0617    
2  0.0633    
3  0.0897    
4  0.0332    
5  0.0639    
6  0.0563    
7  0.1209    
8  0.0741    
9  0.0509    
10 0.0980    
11 0.0723    
12 0.3015   *
13 0.1185    
14 0.0555    
15 0.1040    
16 0.0771    
17 0.0953    
18 0.1287    
19 0.1077    
20 0.3042    
21 0.0309    
22 0.1067    
23 0.0919    
24 0.1471    
25 0.0724    
26 0.0762    
27 0.0666    
28 0.0968    
29 0.0580    
30 0.2079    
31 0.0397    
32 0.1026    
33 0.0603    
34 0.0355    
35 0.0697    
36 0.4995   *
37 0.1158    
38 0.2998   *
39 0.1721    
40 0.1189    
41 0.1071    
42 0.0805    
43 0.0900    
44 0.0602    
45 0.0797    
46 0.0373    

Non-constant Variance Score Test 
Variance formula: ~ fitted.values 
Chisquare = 0.1822408    Df = 1     p = 0.6694546 

Possible Influential Points

Cook: 12 20 30 36 
Leverage: 12 20 36 38 

Influence Plot:
     StudRes       Hat     CookD
12 -2.230135 0.3015417 0.6256957
15 -1.811925 0.1039729 0.2686506
20  1.457541 0.3042241 0.4252289
30 -1.896641 0.2078749 0.4213729
36  1.459047 0.4994692 0.6430215

Full Linear Model Fit Sans Influential Points

Call:
lm(formula = as.formula(paste(response.name, "~", paste(covariate.names, 
    collapse = " + "))), data = data, subset = setdiff(1:N, infpts))

Residuals:
     Min       1Q   Median       3Q      Max 
-16.7538  -5.1331  -0.6062   6.3008  16.6554 

Coefficients:
                               Estimate Std. Error t value Pr(>|t|)   
(Intercept)                     20.3913    13.2511   1.539  0.13259   
Urban.population..percentage.    0.8785     0.2619   3.354  0.00188 **
Late.births..reciprocal...100.  -0.7165     0.6571  -1.090  0.28278   
Wine.consumption.per.capita      1.2970     0.4718   2.749  0.00928 **
Liquor.consumption.per.capita    0.1484     0.1338   1.110  0.27442   
---
Signif. codes:  0 ‘***’ 0.001 ‘**’ 0.01 ‘*’ 0.05 ‘.’ 0.1 ‘ ’ 1

Residual standard error: 8.791 on 36 degrees of freedom
Multiple R-squared:  0.8211,	Adjusted R-squared:  0.8012 
F-statistic: 41.31 on 4 and 36 DF,  p-value: 5.563e-13


Model Selection

submodel                     dCp                    dAIC                    dBIC
    0000  1.9670118660455213e+04  8.9582029442485975e+01  8.7753388045996871e+01
    0001  8.3829338504748703e+03  3.8177717174496877e+01  3.7263396476252325e+01
    0010  2.2400082850332901e+03  1.0201488440671199e+01  9.2871677424266466e+00
    0100  4.7317237227682299e+03  2.1549306395334355e+01  2.0634985697089803e+01
    1000  6.0070326805551622e+03  2.7357342766483072e+01  2.6443022068238520e+01
    0011  1.8975226522993389e+03  8.6417338420941405e+00  8.6417338420941405e+00
    0101  3.9713695140445443e+03  1.8086486760720760e+01  1.8086486760720760e+01
    0110  0.0000000000000000e+00  0.0000000000000000e+00  0.0000000000000000e+00
    1001  2.4204964999886242e+03  1.1023471310487622e+01  1.1023471310487622e+01
    1010  1.0405470273982692e+03  4.7388791116995606e+00  4.7388791116995606e+00
    1100  4.2726301342467514e+03  1.9458493621211716e+01  1.9458493621211716e+01
    0111  2.1684791079663046e+02  9.8757288986664093e-01  1.9018935881111645e+00
    1011  6.3498501889950421e+02  2.8918608799727679e+00  3.8061815782172914e+00
    1101  2.6132351318405217e+03  1.1901245262506166e+01  1.2815565960750689e+01
    1110  2.1328354191685594e+02  9.7133997315455645e-01  1.8856606713990800e+00
    1111  4.1818595587701930e+02  1.9045104535705093e+00  3.7331518500595848e+00

minScore  5.2908059965790535e+03  1.3216223218485771e+02  1.3490519427959137e+02
selected                    0110                    0110                    0110